c Matching Graph
c 8 vertices, 8 degree
p max 18 80
n 1 s
n 18 t
a 1 9 1
a 1 8 1
a 1 7 1
a 1 6 1
a 1 5 1
a 1 4 1
a 1 3 1
a 1 2 1
a 2 15 1
a 2 10 1
a 2 17 1
a 2 13 1
a 2 12 1
a 2 14 1
a 2 11 1
a 2 16 1
a 3 17 1
a 3 13 1
a 3 15 1
a 3 11 1
a 3 12 1
a 3 10 1
a 3 16 1
a 3 14 1
a 4 11 1
a 4 17 1
a 4 10 1
a 4 13 1
a 4 15 1
a 4 12 1
a 4 14 1
a 4 16 1
a 5 16 1
a 5 12 1
a 5 15 1
a 5 11 1
a 5 17 1
a 5 14 1
a 5 13 1
a 5 10 1
a 6 10 1
a 6 13 1
a 6 14 1
a 6 15 1
a 6 16 1
a 6 12 1
a 6 17 1
a 6 11 1
a 7 14 1
a 7 10 1
a 7 17 1
a 7 13 1
a 7 12 1
a 7 16 1
a 7 11 1
a 7 15 1
a 8 16 1
a 8 12 1
a 8 14 1
a 8 17 1
a 8 11 1
a 8 13 1
a 8 10 1
a 8 15 1
a 9 14 1
a 9 12 1
a 9 10 1
a 9 11 1
a 9 16 1
a 9 15 1
a 9 13 1
a 9 17 1
a 10 18 1
a 11 18 1
a 12 18 1
a 13 18 1
a 14 18 1
a 15 18 1
a 16 18 1
a 17 18 1
